0.0764656 -0.0662701 -0.167082 -0.224742 -0.239713 -0.214102 -0.151571 -0.0571975 0.0627061
0.0622698 -0.0622698 -0.152628 -0.204755 -0.218301 -0.195011 -0.138275 -0.0531213 0.0531213
0.0575565 -0.0575565 -0.139478 -0.186651 -0.198883 -0.1777 -0.126185 -0.0488345 0.0488345
0.0528147 -0.0528147 -0.12741 -0.170207 -0.18126 -0.161978 -0.115136 -0.0446913 0.0446913
0.0482979 -0.0482979 -0.116326 -0.155239 -0.165248 -0.14768 -0.105033 -0.0408143 0.0408143
0.0440918 -0.0440918 -0.10616 -0.141597 -0.150682 -0.134665 -0.0958022 -0.0372363 0.0372363
0.0402152 -0.0402152 -0.0968506 -0.129156 -0.137421 -0.122811 -0.0873744 -0.0339554 0.0339554
0.0366606 -0.0366606 -0.0883366 -0.117807 -0.125339 -0.112009 -0.0796844 -0.0309562 0.0309562
0.03341 -0.03341 -0.0805576 -0.107453 -0.114327 -0.102163 -0.07267 -0.0282187 0.0282187
0.0304418 -0.0304418 -0.0734548 -0.0980071 -0.104286 -0.093187 -0.0662732 -0.0257221 0.0257221
0.0277339 -0.0277339 -0.0669725 -0.0893894 -0.0951287 -0.0850022 -0.0604402 -0.0234461 0.0234461
0.0252648 -0.0252648 -0.0610585 -0.0815278 -0.0867768 -0.077538 -0.0551213 -0.0213715 0.0213715
0.0230142 -0.0230142 -0.0556641 -0.0743561 -0.0791587 -0.0707304 -0.0502712 -0.0194807 0.0194807
0.0209634 -0.0209634 -0.0507446 -0.0678142 -0.0722095 -0.0645213 -0.0458486 -0.0177575 0.0177575
0.0190947 -0.0190947 -0.0462587 -0.061847 -0.0658703 -0.0588578 -0.0418155 -0.0161869 0.0161869
0.0173923 -0.0173923 -0.0421685 -0.0564042 -0.0600874 -0.0536916 -0.0381376 -0.0147554 0.0147554
0.0158415 -0.0158415 -0.0384394 -0.0514399 -0.0548121 -0.0489791 -0.0347834 -0.0134506 0.0134506
0.0144288 -0.0144288 -0.0350397 -0.046912 -0.0499997 -0.0446803 -0.0317245 -0.0122614 0.0122614
0.013142 -0.013142 -0.0319404 -0.0427824 -0.0456096 -0.0407587 -0.0289346 -0.0111774 0.0111774
0.0119699 -0.0119699 -0.029115 -0.039016 -0.0416048 -0.0371813 -0.0263902 -0.0101893 0.0101893
0.0109024 -0.0109024 -0.0265394 -0.035581 -0.0379515 -0.0339179 -0.0240696 -0.00928855 0.00928855
0.00993001 -0.00993001 -0.0241915 -0.0324483 -0.0346188 -0.0309408 -0.021953 -0.0084675 0.0084675
0.00904438 -0.00904438 -0.0220512 -0.0295912 -0.0315786 -0.0282249 -0.0200226 -0.00771906 0.00771906
0.00823775 -0.00823775 -0.0201003 -0.0269855 -0.0288053 -0.0257473 -0.0182618 -0.00703679 0.00703679
0.00750307 -0.00750307 -0.0183219 -0.0246092 -0.0262754 -0.0234871 -0.0166559 -0.00641484 0.00641484
0.00683392 -0.00683392 -0.0167009 -0.0224421 -0.0239676 -0.0214253 -0.0151912 -0.00584787 0.00584787
0.00622447 -0.00622447 -0.0152232 -0.0204657 -0.0218623 -0.0195443 -0.0138553 -0.00533101 0.00533101
0.00566939 -0.00566939 -0.0138763 -0.0186633 -0.0199419 -0.0178284 -0.0126368 -0.00485985 0.00485985
0.00516383 -0.00516383 -0.0126485 -0.0170196 -0.0181902 -0.0162631 -0.0115254 -0.00443032 0.00443032
0.00470336 -0.00470336 -0.0115294 -0.0155206 -0.0165922 -0.0148352 -0.0105118 -0.00403876 0.00403876
0.00428397 -0.00428397 -0.0105093 -0.0141536 -0.0151345 -0.0135325 -0.00958724 -0.00368181 0.00368181
0.00390199 -0.00390199 -0.00957939 -0.012907 -0.0138048 -0.0123442 -0.00874399 -0.00335641 0.00335641
0.00355408 -0.00355408 -0.0087318 -0.0117701 -0.0125919 -0.0112602 -0.00797488 -0.00305976 0.00305976
0.0032372 -0.0032372 -0.0079592 -0.0107333 -0.0114855 -0.0102713 -0.0072734 -0.00278934 0.00278934
0.00294859 -0.00294859 -0.00725496 -0.00978784 -0.0104763 -0.00936927 -0.0066336 -0.00254281 0.00254281
0.00268572 -0.00268572 -0.00661303 -0.00892563 -0.00955572 -0.00854639 -0.00605006 -0.00231807 0.00231807
0.00244629 -0.00244629 -0.0060279 -0.00813934 -0.008716 -0.00779574 -0.00551783 -0.00211319 0.00211319
0.00222822 -0.00222822 -0.00549455 -0.0074223 -0.00795003 -0.00711099 -0.00503241 -0.00192642 0.00192642
0.00202959 -0.00202959 -0.00500838 -0.00676841 -0.00725134 -0.00648635 -0.00458967 -0.00175616 0.00175616
0.00184868 -0.00184868 -0.00456523 -0.00617211 -0.00661403 -0.00591656 -0.00418587 -0.00160094 0.00160094
0.0016839 -0.0016839 -0.0041613 -0.00562833 -0.0060327 -0.0053968 -0.00381759 -0.00145944 0.00145944
0.00153381 -0.00153381 -0.0037931 -0.00513245 -0.00550245 -0.00492267 -0.00348169 -0.00133045 0.00133045
0.00139711 -0.00139711 -0.00345748 -0.00468024 -0.00501878 -0.00449018 -0.00317534 -0.00121286 0.00121286
0.0012726 -0.0012726 -0.00315156 -0.00426787 -0.00457761 -0.00409566 -0.00289593 -0.00110566 0.00110566
0.00115918 -0.00115918 -0.00287271 -0.00389182 -0.0041752 -0.0037358 -0.0026411 -0.00100794 0.00100794
0.00105588 -0.00105588 -0.00261853 -0.00354889 -0.00380816 -0.00340754 -0.00240869 -0.000918847 0.000918847
0.000961787 -0.000961787 -0.00238684 -0.00323618 -0.00347336 -0.0031081 -0.00219672 -0.000837633 0.000837633
0.000876083 -0.000876083 -0.00217565 -0.00295101 -0.00316799 -0.00283497 -0.0020034 -0.000763597 0.000763597
0.000798019 -0.000798019 -0.00198315 -0.00269096 -0.00288945 -0.00258583 -0.00182708 -0.000696104 0.000696104
0.000726913 -0.000726913 -0.00180768 -0.00245383 -0.00263539 -0.00235858 -0.00166628 -0.000634577 0.000634577
0.000662146 -0.000662146 -0.00164773 -0.00223758 -0.00240366 -0.00215128 -0.00151963 -0.000578487 0.000578487
0.000603151 -0.000603151 -0.00150194 -0.00204039 -0.0021923 -0.0019622 -0.00138587 -0.000527355 0.000527355
0.000549415 -0.000549415 -0.00136905 -0.00186057 -0.00199952 -0.00178973 -0.00126389 -0.000480742 0.000480742
0.000500468 -0.000500468 -0.00124791 -0.00169659 -0.00182368 -0.00163241 -0.00115264 -0.000438249 0.000438249
0.000455883 -0.000455883 -0.0011375 -0.00154707 -0.0016633 -0.00148892 -0.00105118 -0.000399512 0.000399512
0.000415272 -0.000415272 -0.00103685 -0.00141071 -0.00151702 -0.00135803 -0.000958644 -0.000364199 0.000364199
0.00037828 -0.00037828 -0.000945112 -0.00128638 -0.00138359 -0.00123864 -0.000874254 -0.000332007 0.000332007
0.000344585 -0.000344585 -0.000861489 -0.00117299 -0.0012619 -0.00112975 -0.00079729 -0.00030266 0.00030266
0.000313892 -0.000313892 -0.000785265 -0.0010696 -0.00115091 -0.00103042 -0.000727099 -0.000275907 0.000275907
0.000285933 -0.000285933 -0.000715785 -0.000975323 -0.00104967 -0.000939823 -0.000663086 -0.000251519 0.000251519
0.000260467 -0.000260467 -0.000652452 -0.000889352 -0.00095734 -0.000857188 -0.000604706 -0.000229286 0.000229286
0.000237269 -0.000237269 -0.000594724 -0.000810956 -0.000873126 -0.000781815 -0.000551465 -0.000209019 0.000209019
0.000216138 -0.000216138 -0.000542103 -0.00073947 -0.000796316 -0.000713068 -0.000502909 -0.000190543 0.000190543
0.000196889 -0.000196889 -0.000494138 -0.000674284 -0.000726261 -0.000650363 -0.000458628 -0.0001737 0.0001737
0.000179356 -0.000179356 -0.000450417 -0.000614843 -0.000662367 -0.00059317 -0.000418244 -0.000158346 0.000158346
0.000163384 -0.000163384 -0.000410565 -0.00056064 -0.000604092 -0.000541004 -0.000381415 -0.000144349 0.000144349
0.000148835 -0.000148835 -0.000374238 -0.000511215 -0.000550942 -0.000493424 -0.000347829 -0.000131589 0.000131589
0.000135582 -0.000135582 -0.000341126 -0.000466146 -0.000502466 -0.000450027 -0.000317198 -0.000119957 0.000119957
0.00012351 -0.00012351 -0.000310944 -0.000425049 -0.000458254 -0.000410445 -0.000289265 -0.000109353 0.000109353
0.000112513 -0.000112513 -0.000283432 -0.000387575 -0.000417931 -0.000374344 -0.00026379 -9.96865e-05 9.96865e-05
0.000102496 -0.000102496 -0.000258354 -0.000353404 -0.000381155 -0.000341416 -0.000240558 -9.08744e-05 9.08744e-05
9.33702e-05 -9.33702e-05 -0.000235495 -0.000322245 -0.000347614 -0.000311384 -0.000219372 -8.28413e-05 8.28413e-05
8.50577e-05 -8.50577e-05 -0.000214659 -0.000293832 -0.000317023 -0.000283992 -0.000200051 -7.55183e-05 7.55183e-05
7.74854e-05 -7.74854e-05 -0.000195666 -0.000267925 -0.000289123 -0.000259009 -0.000182431 -6.88425e-05 6.88425e-05
7.05875e-05 -7.05875e-05 -0.000178354 -0.000244301 -0.000263678 -0.000236223 -0.000166363 -6.27569e-05 6.27569e-05
6.43039e-05 -6.43039e-05 -0.000162574 -0.000222759 -0.000240471 -0.000215441 -0.000151709 -5.72092e-05 5.72092e-05
5.85798e-05 -5.85798e-05 -0.000148189 -0.000203117 -0.000219306 -0.000196486 -0.000138346 -5.21519e-05 5.21519e-05
5.33655e-05 -5.33655e-05 -0.000135078 -0.000185206 -0.000200004 -0.000179199 -0.00012616 -4.75417e-05 4.75417e-05
4.86154e-05 -4.86154e-05 -0.000123126 -0.000168874 -0.000182399 -0.000163431 -0.000115046 -4.33389e-05 4.33389e-05
4.42883e-05 -4.42883e-05 -0.000112232 -0.000153983 -0.000166344 -0.000149051 -0.000104912 -3.95077e-05 3.95077e-05
4.03465e-05 -4.03465e-05 -0.000102302 -0.000140404 -0.000151701 -0.000135936 -9.56698e-05 -3.60152e-05 3.60152e-05
3.67556e-05 -3.67556e-05 -9.32508e-05 -0.000128022 -0.000138347 -0.000123974 -8.72416e-05 -3.28314e-05 3.28314e-05
3.34844e-05 -3.34844e-05 -8.50002e-05 -0.000116732 -0.000126168 -0.000113064 -7.95558e-05 -2.9929e-05 2.9929e-05
3.05045e-05 -3.05045e-05 -7.74796e-05 -0.000106437 -0.000115061 -0.000103114 -7.25468e-05 -2.72832e-05 2.72832e-05
2.77898e-05 -2.77898e-05 -7.06244e-05 -9.70503e-05 -0.000104932 -9.40397e-05 -6.61552e-05 -2.48713e-05 2.48713e-05
2.53168e-05 -2.53168e-05 -6.43757e-05 -8.84911e-05 -9.56934e-05 -8.57634e-05 -6.03266e-05 -2.26726e-05 2.26726e-05
2.30639e-05 -2.30639e-05 -5.86799e-05 -8.06866e-05 -8.72683e-05 -7.82153e-05 -5.50113e-05 -2.06682e-05 2.06682e-05
2.10116e-05 -2.10116e-05 -5.34881e-05 -7.35703e-05 -7.95848e-05 -7.13312e-05 -5.01642e-05 -1.88411e-05 1.88411e-05
1.9142e-05 -1.9142e-05 -4.87556e-05 -6.70815e-05 -7.25775e-05 -6.50528e-05 -4.57441e-05 -1.71754e-05 1.71754e-05
1.74388e-05 -1.74388e-05 -4.44418e-05 -6.11649e-05 -6.61869e-05 -5.93269e-05 -4.17134e-05 -1.5657e-05 1.5657e-05
1.58872e-05 -1.58872e-05 -4.05097e-05 -5.577e-05 -6.03589e-05 -5.41047e-05 -3.80377e-05 -1.42729e-05 1.42729e-05
1.44736e-05 -1.44736e-05 -3.69256e-05 -5.08509e-05 -5.5044e-05 -4.93421e-05 -3.46859e-05 -1.30111e-05 1.30111e-05
1.31859e-05 -1.31859e-05 -3.36585e-05 -4.63655e-05 -5.01968e-05 -4.49986e-05 -3.16293e-05 -1.18608e-05 1.18608e-05
1.20128e-05 -1.20128e-05 -3.06805e-05 -4.22758e-05 -4.57764e-05 -4.10373e-05 -2.8842e-05 -1.08122e-05 1.08122e-05
1.09441e-05 -1.09441e-05 -2.7966e-05 -3.85467e-05 -4.17452e-05 -3.74246e-05 -2.63003e-05 -9.85635e-06 9.85635e-06
9.97051e-06 -9.97051e-06 -2.54916e-05 -3.51465e-05 -3.80688e-05 -3.41298e-05 -2.39825e-05 -8.98498e-06 8.98498e-06
9.08355e-06 -9.08355e-06 -2.32362e-05 -3.20461e-05 -3.47161e-05 -3.1125e-05 -2.18689e-05 -8.19064e-06 8.19064e-06
8.27551e-06 -8.27551e-06 -2.11804e-05 -2.92192e-05 -3.16586e-05 -2.83847e-05 -1.99415e-05 -7.46652e-06 7.46652e-06
7.53938e-06 -7.53938e-06 -1.93064e-05 -2.66416e-05 -2.88703e-05 -2.58855e-05 -1.8184e-05 -6.80642e-06 6.80642e-06
6.86875e-06 -6.86875e-06 -1.75982e-05 -2.42914e-05 -2.63275e-05 -2.36064e-05 -1.65813e-05 -6.20468e-06 6.20468e-06
6.25779e-06 -6.25779e-06 -1.60412e-05 -2.21484e-05 -2.40086e-05 -2.15278e-05 -1.51199e-05 -5.65613e-06 5.65613e-06
